10.7711716,106.6530749,282.0,4.8,2.254998,2002,2016/04/29 12:20:07
10.77118,106.653025,279.0,4.8,1.9101342,1998,2016/04/29 12:20:09
10.7711716,106.652995,282.0,4.6,1.2080531,2000,2016/04/29 12:20:11
10.77116,106.6529866,282.0,4.2,0.0,2002,2016/04/29 12:20:13
10.7711566,106.6529816,282.0,4.1,0.0,1998,2016/04/29 12:20:15
10.77116,106.6529483,282.0,4.0,0.0,2000,2016/04/29 12:20:17
10.7711616,106.652925,282.0,4.0,0.0,1002,2016/04/29 12:20:18
10.7711533,106.6529016,282.0,4.0,0.0,1000,2016/04/29 12:20:19
10.7711066,106.652835,237.0,4.0,0.0,1998,2016/04/29 12:20:21
10.7710783,106.6528066,223.0,4.0,4.006598,999,2016/04/29 12:20:22
10.7710133,106.65276,213.0,3.9,4.6633835,2001,2016/04/29 12:20:24
10.7709716,106.6527433,206.0,3.9,4.963466,1002,2016/04/29 12:20:25
10.77089,106.6527183,198.0,3.9,4.5403647,1998,2016/04/29 12:20:27
10.7708516,106.6527083,197.0,3.9,4.254179,1000,2016/04/29 12:20:28
10.770815,106.6526983,197.0,3.9,4.008142,1001,2016/04/29 12:20:29
10.7707733,106.6526916,193.0,3.9,4.3869777,1000,2016/04/29 12:20:30
10.7707266,106.6526866,190.0,4.0,4.847654,1001,2016/04/29 12:20:31
10.7706249,106.652675,187.0,4.2,5.665033,1999,2016/04/29 12:20:33
10.7705566,106.6526799,185.0,4.2,6.296597,999,2016/04/29 12:20:34
10.7704899,106.6526783,183.0,4.3,6.7217574,1000,2016/04/29 12:20:35
10.7703433,106.65267,184.0,4.4,7.799586,2002,2016/04/29 12:20:37
10.7701766,106.6526583,184.0,4.6,8.564978,2000,2016/04/29 12:20:39
10.7700866,106.65265,184.0,4.6,8.872267,999,2016/04/29 12:20:40
10.7700033,106.6526383,186.0,4.7,8.713733,1000,2016/04/29 12:20:41
10.7699183,106.65263,185.0,4.7,8.488799,1000,2016/04/29 12:20:42
10.7698383,106.65262,187.0,4.7,8.184083,1001,2016/04/29 12:20:43
10.7696883,106.65261,185.0,4.7,7.9246635,1999,2016/04/29 12:20:45
10.7696133,106.6525816,189.0,4.4,8.063124,1000,2016/04/29 12:20:46
10.7695399,106.6525633,190.0,4.4,8.416224,1000,2016/04/29 12:20:47
10.7694666,106.652545,191.0,4.4,8.176877,1001,2016/04/29 12:20:48
10.7693933,106.6525183,192.0,4.4,8.005989,1001,2016/04/29 12:20:49
10.7692666,106.6524683,198.0,4.5,7.4068527,1998,2016/04/29 12:20:51
10.7692266,106.6524183,209.0,4.5,6.496824,1000,2016/04/29 12:20:52
10.7691933,106.6523716,219.0,4.3,6.0032053,1001,2016/04/29 12:20:53
10.7691633,106.6522583,247.0,4.1,5.735035,2001,2016/04/29 12:20:55
10.7691833,106.6521166,273.0,4.1,6.550355,1999,2016/04/29 12:20:57
10.7692399,106.6519783,291.0,4.1,7.3682485,2000,2016/04/29 12:20:59
10.7692866,106.6519116,298.0,4.1,7.978709,999,2016/04/29 12:21:00
10.76934,106.6518533,305.0,4.1,8.196437,1001,2016/04/29 12:21:01
10.76946,106.6517466,315.0,4.1,8.396149,1999,2016/04/29 12:21:03
10.7695716,106.6516616,325.0,4.0,7.4022202,1999,2016/04/29 12:21:05
10.7696683,106.6515866,322.0,4.0,6.2307124,2003,2016/04/29 12:21:07
10.7697583,106.6515133,322.0,4.0,6.0104113,1998,2016/04/29 12:21:09
10.7698083,106.6514766,325.0,4.0,6.5009418,1000,2016/04/29 12:21:10
10.7698616,106.65144,326.0,4.0,6.7083745,1000,2016/04/29 12:21:11
10.76997,106.6513633,325.0,4.0,7.0367675,2002,2016/04/29 12:21:13
10.7700633,106.651285,321.0,4.0,6.1457834,2025,2016/04/29 12:21:15
10.7701383,106.6512233,319.0,4.0,4.954201,1973,2016/04/29 12:21:17
10.7701733,106.6511966,320.0,4.0,4.7632394,1002,2016/04/29 12:21:18
10.7702049,106.651175,321.0,4.0,4.0884385,1000,2016/04/29 12:21:19
10.77027,106.65113,322.0,3.9,3.6128352,1998,2016/04/29 12:21:21
10.7702949,106.65111,322.0,3.9,3.2494414,1000,2016/04/29 12:21:22
10.77032,106.6510933,324.0,3.9,2.937005,1000,2016/04/29 12:21:23
10.7703466,106.6510766,325.0,3.9,3.1825275,999,2016/04/29 12:21:24
10.7703766,106.6510583,329.0,3.9,3.2180433,1003,2016/04/29 12:21:25
10.770435,106.6510233,326.0,3.9,3.4615068,1998,2016/04/29 12:21:27
10.7704616,106.6510016,326.0,3.9,3.8913,1001,2016/04/29 12:21:28
10.770495,106.6509766,326.0,3.9,4.1460876,1000,2016/04/29 12:21:29
10.770525,106.65095,325.0,3.9,4.1440287,999,2016/04/29 12:21:30
10.7705583,106.6509283,325.0,3.9,4.1738825,1003,2016/04/29 12:21:31
10.7706183,106.6508866,325.0,3.9,3.8825498,1997,2016/04/29 12:21:33
10.7706466,106.650865,325.0,3.9,3.772914,1000,2016/04/29 12:21:34
10.770675,106.6508449,325.0,3.9,3.7399716,1001,2016/04/29 12:21:35
10.7707366,106.6508116,334.0,3.9,3.8053415,2001,2016/04/29 12:21:37
10.770785,106.650775,334.0,3.9,2.897886,1999,2016/04/29 12:21:39
10.7708183,106.65075,335.0,3.9,2.0501387,1999,2016/04/29 12:21:41
10.7708316,106.65074,326.0,3.9,1.8092486,1000,2016/04/29 12:21:42
10.7708483,106.65073,327.0,3.9,2.0619771,1002,2016/04/29 12:21:43
10.770895,106.6507016,331.0,3.9,3.4620216,1999,2016/04/29 12:21:45
10.7709633,106.6506566,329.0,3.9,4.593896,1999,2016/04/29 12:21:47
10.7709999,106.6506333,328.0,3.9,4.601102,1001,2016/04/29 12:21:48
10.7710333,106.6506099,329.0,3.9,4.3504324,1002,2016/04/29 12:21:49
10.7710649,106.65059,325.0,3.9,3.8424015,1021,2016/04/29 12:21:50
10.7711083,106.6505383,319.0,3.9,3.0188458,1976,2016/04/29 12:21:52
10.7711266,106.6505116,316.0,3.9,2.860826,998,2016/04/29 12:21:53
10.7711583,106.6504783,315.0,3.9,1.8555737,2005,2016/04/29 12:21:55
10.7711833,106.6504533,322.0,3.9,1.6126248,1997,2016/04/29 12:21:57
10.771215,106.6504316,327.0,3.9,2.0002105,2000,2016/04/29 12:21:59
10.7712299,106.6504216,321.0,3.9,1.9729303,1000,2016/04/29 12:22:00
10.7712433,106.6504083,317.0,3.9,1.8169694,1002,2016/04/29 12:22:01
10.7712666,106.6503933,324.0,3.9,1.2126856,1998,2016/04/29 12:22:03
10.7712833,106.6503833,324.0,3.9,1.0577542,2001,2016/04/29 12:22:05
10.7712983,106.65038,330.0,3.9,1.6038744,999,2016/04/29 12:22:06
10.7713166,106.6503716,333.0,3.9,2.3522806,1002,2016/04/29 12:22:07
10.7713666,106.6503466,329.0,3.9,3.5006258,1999,2016/04/29 12:22:09
10.7713933,106.6503316,329.0,3.9,3.534083,1000,2016/04/29 12:22:10
10.7714233,106.6503116,327.0,3.9,3.8913,1000,2016/04/29 12:22:11
10.7714583,106.65029,329.0,3.9,4.6021314,1000,2016/04/29 12:22:12
10.771495,106.6502633,328.0,3.9,4.7874312,1002,2016/04/29 12:22:13
10.7715716,106.65021,322.0,3.9,5.1467075,1997,2016/04/29 12:22:15
10.7716566,106.6501633,327.0,3.9,5.2712703,2001,2016/04/29 12:22:17
10.7717483,106.6501116,330.0,3.9,5.810699,2002,2016/04/29 12:22:19
10.7718516,106.6500699,337.0,3.9,6.0382066,1997,2016/04/29 12:22:21
10.7719566,106.6500183,334.0,3.9,6.246669,2000,2016/04/29 12:22:23
10.7720533,106.64996,330.0,3.9,5.6619444,2003,2016/04/29 12:22:25
10.7721416,106.6499033,328.0,3.9,5.4447317,1998,2016/04/29 12:22:27
10.7722233,106.6498483,327.0,3.9,4.925377,1999,2016/04/29 12:22:29
10.7722583,106.6498216,325.0,3.9,4.6386766,1000,2016/04/29 12:22:30
10.7722933,106.6497966,324.0,3.9,4.236164,1002,2016/04/29 12:22:31
10.7723566,106.6497516,328.0,3.9,3.9571846,1998,2016/04/29 12:22:33
10.7723866,106.6497316,330.0,3.9,3.789385,1000,2016/04/29 12:22:34
10.7724183,106.6497083,328.0,3.9,3.92836,1001,2016/04/29 12:22:35
10.7724533,106.6496833,329.0,3.9,4.2963862,999,2016/04/29 12:22:36
10.7724916,106.6496583,329.0,3.9,4.601617,1002,2016/04/29 12:22:37
10.7725733,106.6496066,326.0,3.9,4.9778786,1998,2016/04/29 12:22:39
10.7726483,106.6495516,325.0,3.9,4.5666156,2000,2016/04/29 12:22:41
10.772715,106.649505,327.0,3.9,4.215575,2001,2016/04/29 12:22:43
10.7727816,106.6494566,331.0,3.9,4.070423,2028,2016/04/29 12:22:45
10.77285,106.64942,334.0,3.9,4.3869777,1972,2016/04/29 12:22:47
10.772925,106.6493766,330.0,3.9,4.559924,2001,2016/04/29 12:22:49
10.7729933,106.64934,325.0,3.9,3.8027678,1999,2016/04/29 12:22:51
10.77305,106.649305,328.0,3.9,3.5423183,1999,2016/04/29 12:22:53
10.77311,106.64927,329.0,3.9,3.861961,2003,2016/04/29 12:22:55
10.7731666,106.6492266,325.0,3.9,3.7425454,1997,2016/04/29 12:22:57
10.7732249,106.6491883,329.0,3.9,3.6612191,2000,2016/04/29 12:22:59
10.7732549,106.6491666,329.0,3.9,4.0621877,1000,2016/04/29 12:23:00
10.7732883,106.6491416,328.0,3.9,4.20631,1004,2016/04/29 12:23:01
10.773355,106.6490933,327.0,3.9,4.4544063,1996,2016/04/29 12:23:03
10.7734233,106.6490483,326.0,3.9,4.256753,2000,2016/04/29 12:23:05
10.7734533,106.6490233,324.0,3.9,4.028731,1000,2016/04/29 12:23:06
10.7734833,106.6490083,325.0,3.9,3.5989377,1002,2016/04/29 12:23:07
10.7735399,106.6489733,327.0,3.9,3.5953348,1999,2016/04/29 12:23:09
10.77359,106.648935,321.0,3.9,2.903548,1999,2016/04/29 12:23:11
10.7736266,106.648905,327.0,3.9,2.2483068,2002,2016/04/29 12:23:13
10.773655,106.6488833,327.0,3.9,1.4298984,1998,2016/04/29 12:23:15
10.7736816,106.6488616,330.0,3.9,1.8550589,2002,2016/04/29 12:23:17
10.7737,106.6488516,337.0,3.9,2.1947756,998,2016/04/29 12:23:18
10.7737166,106.6488433,335.0,3.9,2.101611,1002,2016/04/29 12:23:19
10.7737483,106.6488266,342.0,3.9,1.5791677,1998,2016/04/29 12:23:21
10.77376,106.6488183,342.0,3.9,1.4443105,1000,2016/04/29 12:23:22
10.7737666,106.6488066,342.0,3.9,1.2780553,1000,2016/04/29 12:23:23
10.773775,106.6488,342.0,3.9,1.2662166,1000,2016/04/29 12:23:24
10.7737883,106.648795,343.0,3.9,1.5724764,1002,2016/04/29 12:23:25
10.7738249,106.6487633,329.0,3.9,2.5283155,1998,2016/04/29 12:23:27
10.7738749,106.6487333,327.0,3.9,3.253559,2001,2016/04/29 12:23:29
10.7739016,106.6487166,328.0,3.9,3.552098,999,2016/04/29 12:23:30
10.7739283,106.6486966,325.0,3.9,3.3858428,1001,2016/04/29 12:23:31
10.7739733,106.6486666,325.0,3.9,2.7506754,1999,2016/04/29 12:23:33
10.774015,106.648635,320.0,3.9,2.647731,2000,2016/04/29 12:23:35
10.7740383,106.6486183,326.0,3.9,2.925681,1000,2016/04/29 12:23:36
10.77406,106.6486016,327.0,3.9,2.9153867,1002,2016/04/29 12:23:37
10.7741116,106.6485699,329.0,3.9,3.0651708,1999,2016/04/29 12:23:39
10.7741633,106.6485283,326.0,3.9,3.6051145,1999,2016/04/29 12:23:41
10.7741933,106.6485083,328.0,3.9,3.78012,1000,2016/04/29 12:23:42
10.7742233,106.6484883,328.0,3.9,3.8696816,1003,2016/04/29 12:23:43
10.77429,106.6484566,334.0,3.9,4.083806,1997,2016/04/29 12:23:45
10.7743666,106.6484183,334.0,3.9,4.7169147,2000,2016/04/29 12:23:47
10.7744566,106.6483683,333.0,3.9,5.810699,2002,2016/04/29 12:23:49
10.7745416,106.6483066,322.0,3.9,5.1657524,1998,2016/04/29 12:23:51
10.7746,106.6482699,322.0,3.9,3.1495852,2000,2016/04/29 12:23:53
10.7746233,106.648255,329.0,3.9,2.8078098,1000,2016/04/29 12:23:54
10.7746416,106.6482416,335.0,3.9,2.073301,1003,2016/04/29 12:23:55
10.7746666,106.64823,332.0,3.9,1.0819461,1997,2016/04/29 12:23:57
10.7746749,106.6482366,332.0,3.9,0.0,2000,2016/04/29 12:23:59
10.7746783,106.6482349,332.0,3.9,0.0,1000,2016/04/29 12:24:00
10.7746783,106.6482349,332.0,3.9,0.0,1002,2016/04/29 12:24:01
10.7746783,106.6482349,332.0,3.9,0.0,1999,2016/04/29 12:24:03
10.7746783,106.6482349,332.0,3.9,0.0,2000,2016/04/29 12:24:05
10.7746783,106.6482349,332.0,3.9,0.0,2001,2016/04/29 12:24:07
10.7746783,106.6482349,332.0,3.9,0.0,2029,2016/04/29 12:24:09
10.7746783,106.6482349,332.0,3.9,0.0,969,2016/04/29 12:24:10
10.7746783,106.6482349,332.0,3.9,0.0,1001,2016/04/29 12:24:11
10.7746783,106.6482349,332.0,3.9,0.0,999,2016/04/29 12:24:12
10.7746783,106.6482349,332.0,3.9,0.0,1003,2016/04/29 12:24:13
10.7746783,106.6482349,332.0,3.9,0.0,1997,2016/04/29 12:24:15
10.7746783,106.6482349,332.0,3.9,0.0,2001,2016/04/29 12:24:17
10.77471,106.64822,332.0,3.9,0.0,1002,2016/04/29 12:24:18
10.7747283,106.648215,332.0,3.9,0.0,997,2016/04/29 12:24:19
10.7747783,106.6481916,341.0,3.9,0.0,2000,2016/04/29 12:24:21
10.77484,106.6481516,329.0,3.9,3.8434308,2001,2016/04/29 12:24:23
10.7748716,106.6481283,324.0,3.9,4.0112305,1000,2016/04/29 12:24:24
10.774905,106.6481016,324.0,3.9,4.2552085,1002,2016/04/29 12:24:25
10.774975,106.6480566,327.0,3.9,4.3128576,1997,2016/04/29 12:24:27
10.7750566,106.6480016,328.0,3.9,5.3948035,2001,2016/04/29 12:24:29
10.7751016,106.6479716,329.0,3.9,5.382965,1000,2016/04/29 12:24:30
10.7751483,106.6479383,329.0,3.9,5.822023,1001,2016/04/29 12:24:31
10.7752466,106.64787,327.0,3.9,6.0567365,1999,2016/04/29 12:24:33
10.7752933,106.6478333,325.0,3.9,5.8693776,999,2016/04/29 12:24:34
10.77534,106.647795,324.0,3.9,6.0325446,1000,2016/04/29 12:24:35
10.7754366,106.6477083,324.0,3.9,6.8849244,2002,2016/04/29 12:24:37
10.775545,106.6476166,324.0,3.9,7.507738,1998,2016/04/29 12:24:39
10.7756549,106.6475116,320.0,3.9,8.173274,2000,2016/04/29 12:24:41
10.7757133,106.6474549,320.0,3.9,8.159377,1000,2016/04/29 12:24:42
10.7757683,106.6474066,322.0,3.9,7.6245804,1002,2016/04/29 12:24:43
10.7758683,106.6473183,320.0,3.9,6.7510967,1999,2016/04/29 12:24:45
10.7759766,106.6472316,322.0,3.9,7.5031056,1999,2016/04/29 12:24:47
10.7760366,106.6471833,322.0,3.9,8.177907,1002,2016/04/29 12:24:48
10.776095,106.6471216,322.0,3.9,8.712189,1000,2016/04/29 12:24:49
10.7762233,106.6470083,319.0,3.9,8.907269,1998,2016/04/29 12:24:51
10.7762883,106.6469583,320.0,3.9,8.668437,1000,2016/04/29 12:24:52
10.7763516,106.6469083,322.0,3.9,8.637039,1000,2016/04/29 12:24:53
10.7764733,106.6468183,322.0,3.9,7.960694,2002,2016/04/29 12:24:55
10.7765783,106.6467283,320.0,3.9,7.2946434,1999,2016/04/29 12:24:57
10.7766883,106.6466449,322.0,3.9,7.6261244,1999,2016/04/29 12:24:59
10.776745,106.6465983,322.0,3.9,7.830984,1039,2016/04/29 12:25:00
10.7768766,106.6465033,322.0,3.9,8.522256,1960,2016/04/29 12:25:02
10.7770083,106.646395,320.0,3.9,8.990653,2001,2016/04/29 12:25:04
10.7770783,106.6463483,321.0,3.9,9.113157,999,2016/04/29 12:25:05
10.7771466,106.6463016,322.0,3.9,8.970579,999,2016/04/29 12:25:06
10.777215,106.6462683,325.0,3.9,8.393576,1004,2016/04/29 12:25:07
10.7773366,106.6461949,324.0,3.9,7.7244363,1998,2016/04/29 12:25:09
10.777395,106.6461549,325.0,3.9,7.473767,1000,2016/04/29 12:25:10
10.777455,106.646115,325.0,3.9,7.478914,1000,2016/04/29 12:25:11
10.777515,106.6460783,325.0,3.9,7.3018494,1001,2016/04/29 12:25:12
10.7775716,106.64604,325.0,3.9,7.200449,1001,2016/04/29 12:25:13
10.777685,106.645965,326.0,3.9,7.1551538,1998,2016/04/29 12:25:15
10.7778016,106.6458849,327.0,3.9,7.4799433,1998,2016/04/29 12:25:17
10.7778599,106.6458466,327.0,3.9,7.5036206,1002,2016/04/29 12:25:18
10.7779216,106.64581,328.0,3.9,7.6389923,1003,2016/04/29 12:25:19
10.7780399,106.6457283,326.0,3.9,7.7913504,1997,2016/04/29 12:25:21
10.7781016,106.6456866,326.0,3.9,7.8181157,1000,2016/04/29 12:25:22
10.7781633,106.6456466,326.0,3.9,7.790321,1000,2016/04/29 12:25:23
10.7782866,106.6455533,325.0,3.9,8.08011,2002,2016/04/29 12:25:25
10.7784116,106.6454616,326.0,3.9,8.0965805,1998,2016/04/29 12:25:27
10.778535,106.6453683,325.0,3.9,8.22835,2001,2016/04/29 12:25:29
10.7785999,106.6453216,325.0,3.9,8.435782,1026,2016/04/29 12:25:30
10.7786633,106.645275,324.0,3.9,8.419312,975,2016/04/29 12:25:31
10.7787916,106.6451816,325.0,3.9,8.577846,1998,2016/04/29 12:25:33
10.778915,106.6450866,324.0,3.9,8.334382,2000,2016/04/29 12:25:35
10.7790383,106.6449899,324.0,3.9,8.53255,2002,2016/04/29 12:25:37
10.779165,106.6448983,324.0,3.9,8.459459,1998,2016/04/29 12:25:39
10.7792266,106.644855,326.0,3.9,8.337985,1000,2016/04/29 12:25:40
10.77929,106.6448099,327.0,3.9,8.332323,1000,2016/04/29 12:25:41
10.7794166,106.6447233,326.0,3.9,8.344162,2002,2016/04/29 12:25:43
10.7795433,106.6446249,325.0,3.9,8.54233,1998,2016/04/29 12:25:45
10.7796066,106.6445783,325.0,3.9,8.639612,1008,2016/04/29 12:25:46
10.7797333,106.6444799,325.0,3.9,8.485196,1992,2016/04/29 12:25:48
10.7797966,106.6444283,325.0,3.9,8.724027,1002,2016/04/29 12:25:49
10.7799316,106.64434,325.0,3.9,8.780131,2007,2016/04/29 12:25:51
10.780065,106.64424,324.0,3.9,8.94021,1991,2016/04/29 12:25:53
10.7801966,106.64414,323.0,3.9,9.055508,2002,2016/04/29 12:25:55
10.7803233,106.6440433,322.0,3.9,8.624171,1998,2016/04/29 12:25:57
10.7804416,106.64396,323.0,3.9,7.8747354,2000,2016/04/29 12:25:59
10.780555,106.6438916,326.0,3.9,7.3208942,2002,2016/04/29 12:26:01
10.7806566,106.6438166,325.0,3.9,6.9930162,1998,2016/04/29 12:26:03
10.7807716,106.64375,327.0,3.9,7.2833195,2000,2016/04/29 12:26:05
10.7808983,106.643685,328.0,3.9,8.036873,2002,2016/04/29 12:26:07
10.7810316,106.6436049,327.0,3.9,8.447106,1998,2016/04/29 12:26:09
10.78116,106.64352,325.0,3.9,8.493431,2000,2016/04/29 12:26:11
10.7812916,106.6434366,325.0,3.9,8.682335,2002,2016/04/29 12:26:13
10.7814283,106.6433566,329.0,3.9,8.947931,2043,2016/04/29 12:26:15
10.7815766,106.6432866,334.0,3.9,9.056538,1955,2016/04/29 12:26:17
10.7817249,106.6432233,335.0,3.9,8.712189,2002,2016/04/29 12:26:19
10.7818683,106.64316,336.0,3.9,8.336441,1998,2016/04/29 12:26:21
10.7819933,106.643105,336.0,3.9,7.1963315,2000,2016/04/29 12:26:23
10.7820533,106.6430766,337.0,3.9,7.326041,1000,2016/04/29 12:26:24
10.78212,106.6430516,339.0,3.9,7.851573,1003,2016/04/29 12:26:25
10.7822666,106.6430049,341.0,3.9,8.759542,1997,2016/04/29 12:26:27
10.782345,106.6429783,340.0,3.9,8.966976,1000,2016/04/29 12:26:28
10.7824216,106.642945,339.0,3.9,8.93146,1000,2016/04/29 12:26:29
10.7824966,106.6429116,336.0,3.9,8.658142,1000,2016/04/29 12:26:30
10.7825683,106.6428816,335.0,3.9,8.147023,1002,2016/04/29 12:26:31
10.7827016,106.6428333,340.0,3.9,7.9426785,1998,2016/04/29 12:26:33
10.7828433,106.6427833,343.0,3.9,8.226291,2001,2016/04/29 12:26:35
10.7829166,106.6427583,343.0,3.9,8.450709,999,2016/04/29 12:26:36
10.782995,106.6427349,343.0,3.9,8.762116,1002,2016/04/29 12:26:37
10.78315,106.64269,344.0,3.9,8.650936,1998,2016/04/29 12:26:39
10.7833016,106.6426499,345.0,3.9,8.695203,2000,2016/04/29 12:26:41
10.7834583,106.6426033,345.0,3.9,8.840354,2001,2016/04/29 12:26:43
10.7836066,106.6425516,343.0,3.9,8.326147,2001,2016/04/29 12:26:45
10.783675,106.6425299,343.0,3.9,7.773335,998,2016/04/29 12:26:46
10.7837366,106.6425083,343.0,3.9,7.1237555,1001,2016/04/29 12:26:47
10.7837916,106.642485,343.0,3.9,6.14321,1001,2016/04/29 12:26:48
10.78384,106.6424583,342.0,3.9,5.570324,1000,2016/04/29 12:26:49
10.78393,106.6424033,340.0,3.9,5.0355277,1999,2016/04/29 12:26:51
10.7839716,106.64239,343.0,3.9,5.02163,999,2016/04/29 12:26:52
10.784015,106.642365,343.0,3.9,4.995894,1001,2016/04/29 12:26:53
10.7841,106.6423266,342.0,3.9,5.232666,2002,2016/04/29 12:26:55
10.7841983,106.642295,346.0,3.9,5.7206225,1998,2016/04/29 12:26:57
10.7842483,106.64228,345.0,3.9,5.5023804,999,2016/04/29 12:26:58
10.7842933,106.642265,344.0,3.9,5.107589,1001,2016/04/29 12:26:59
10.7843333,106.6422533,341.0,3.9,4.3066807,1000,2016/04/29 12:27:00
10.7843666,106.6422416,341.0,3.9,3.78012,1002,2016/04/29 12:27:01
10.7844383,106.6422183,348.0,3.9,4.486319,1998,2016/04/29 12:27:03
10.784525,106.64219,349.0,3.9,5.17965,1999,2016/04/29 12:27:05
10.78457,106.6421783,349.0,3.9,5.307301,1027,2016/04/29 12:27:06
10.7846133,106.6421683,347.0,3.9,4.816256,976,2016/04/29 12:27:07
10.7846833,106.642145,342.0,3.9,3.6921024,1997,2016/04/29 12:27:09
10.7847366,106.6421166,334.0,3.9,3.1840718,2000,2016/04/29 12:27:11
10.7848033,106.6420916,342.0,3.9,4.339623,2002,2016/04/29 12:27:13
10.7848799,106.6420716,339.0,3.9,4.202707,1999,2016/04/29 12:27:15
10.7849516,106.6420083,321.0,3.9,3.893359,2000,2016/04/29 12:27:17
10.7849833,106.6419299,289.0,3.9,4.3216076,2001,2016/04/29 12:27:19
10.784975,106.641815,265.0,3.9,5.7890806,2000,2016/04/29 12:27:21
10.7849366,106.6416833,253.0,3.9,7.2889814,1998,2016/04/29 12:27:23
10.784885,106.6415333,252.0,3.9,7.98643,2002,2016/04/29 12:27:25
10.7848333,106.64138,251.0,3.9,8.133126,1998,2016/04/29 12:27:27
10.7847816,106.6412233,251.0,3.9,8.285483,2000,2016/04/29 12:27:29
10.7847566,106.6411416,252.0,3.9,8.540786,1000,2016/04/29 12:27:30
10.7847316,106.6410633,251.0,3.9,8.531521,1002,2016/04/29 12:27:31
10.78468,106.640915,250.0,3.9,8.047682,1997,2016/04/29 12:27:33
10.784625,106.6407766,250.0,3.9,7.4691343,2001,2016/04/29 12:27:35
10.7845766,106.6406516,251.0,3.9,6.801025,2002,2016/04/29 12:27:37
10.7845383,106.640535,251.0,3.9,5.9918814,1998,2016/04/29 12:27:39
10.7845266,106.6404849,255.0,3.9,5.190459,1000,2016/04/29 12:27:40
10.7845266,106.64044,267.0,3.9,4.843536,1000,2016/04/29 12:27:41
10.784545,106.6404033,300.0,3.9,4.665957,1000,2016/04/29 12:27:42
10.7845733,106.6403683,315.0,3.9,5.166267,1003,2016/04/29 12:27:43
10.7846666,106.6403233,335.0,3.9,6.1627693,1997,2016/04/29 12:27:45
10.7847666,106.64028,336.0,3.9,6.085561,2000,2016/04/29 12:27:47
10.784855,106.6402316,331.0,3.9,4.7709603,2025,2016/04/29 12:27:49
10.7848983,106.6401966,320.0,3.9,2.5895674,1975,2016/04/29 12:27:51
10.7849166,106.64014,280.0,3.9,2.5061824,2000,2016/04/29 12:27:53
10.7848883,106.640055,249.0,3.9,4.5661006,2002,2016/04/29 12:27:55
10.7848283,106.6399533,239.0,3.9,6.2569633,1998,2016/04/29 12:27:57
10.7847933,106.6398966,239.0,3.9,6.7459493,1000,2016/04/29 12:27:58
10.7847616,106.6398383,242.0,3.9,6.9575005,1000,2016/04/29 12:27:59
10.78473,106.6397816,241.0,3.9,7.13405,1000,2016/04/29 12:28:00
10.7846966,106.639725,240.0,3.9,7.443398,1002,2016/04/29 12:28:01
10.784615,106.6396033,234.0,3.9,7.9040747,1998,2016/04/29 12:28:03
10.78457,106.6395433,235.0,3.9,8.020916,1000,2016/04/29 12:28:04
10.7845216,106.6394816,234.0,3.9,8.283424,1000,2016/04/29 12:28:05
10.7844249,106.6393566,234.0,3.9,8.556228,2002,2016/04/29 12:28:07
10.7843349,106.6392249,235.0,3.9,8.763145,1999,2016/04/29 12:28:09
10.7842416,106.6390933,235.0,3.9,8.735351,2000,2016/04/29 12:28:11
10.7841483,106.6389616,234.0,3.9,8.400267,2001,2016/04/29 12:28:13
10.78406,106.6388366,234.0,3.9,8.191804,1998,2016/04/29 12:28:15
10.784015,106.6387699,235.0,3.9,8.363722,999,2016/04/29 12:28:16
10.7839733,106.6387016,237.0,3.9,8.197466,1000,2016/04/29 12:28:17
10.7839083,106.6385683,244.0,3.9,8.037388,2003,2016/04/29 12:28:19
10.78383,106.63843,240.0,3.9,8.526888,1998,2016/04/29 12:28:21
10.7837433,106.6382983,236.0,3.9,7.9854007,2001,2016/04/29 12:28:23
10.7836583,106.6381766,236.0,3.9,8.006504,2001,2016/04/29 12:28:25
10.7835666,106.6380516,235.0,3.9,8.7574835,1998,2016/04/29 12:28:27
10.7834599,106.63791,235.0,3.9,9.503831,2000,2016/04/29 12:28:29
10.7833466,106.6377616,234.0,3.9,9.636629,2002,2016/04/29 12:28:31
10.7832316,106.6376216,231.0,3.9,9.58001,1998,2016/04/29 12:28:33
10.7831166,106.6374816,232.0,3.9,9.69222,2000,2016/04/29 12:28:35
10.7830033,106.637335,234.0,3.9,9.999509,2002,2016/04/29 12:28:37
10.7828866,106.6371883,234.0,4.1,10.32996,1999,2016/04/29 12:28:39
10.7827566,106.6370383,233.0,4.4,10.3881235,2022,2016/04/29 12:28:41
10.782625,106.6368833,230.0,4.6,10.356211,1979,2016/04/29 12:28:43
10.7825016,106.6367416,232.0,4.4,9.29331,1998,2016/04/29 12:28:45
10.7824416,106.63668,231.0,4.3,9.183674,1000,2016/04/29 12:28:46
10.782385,106.63662,229.0,4.1,9.152791,1000,2016/04/29 12:28:47
10.7823283,106.6365583,228.0,4.1,9.326767,1001,2016/04/29 12:28:48
10.78227,106.636495,227.0,4.0,9.362283,1001,2016/04/29 12:28:49
10.7821466,106.6363683,224.0,4.0,9.69119,1998,2016/04/29 12:28:51
10.7820849,106.6363049,225.0,4.0,9.688617,1022,2016/04/29 12:28:52
10.7819633,106.636175,228.0,3.9,9.500228,2019,2016/04/29 12:28:54
10.7819066,106.6361116,228.0,3.9,9.479124,959,2016/04/29 12:28:55
10.7817916,106.6359883,227.0,3.9,9.214043,2001,2016/04/29 12:28:57
10.781735,106.6359266,228.0,3.9,9.300001,999,2016/04/29 12:28:58
10.7816816,106.6358666,229.0,3.9,8.880503,1000,2016/04/29 12:28:59
10.7815883,106.6357516,227.0,3.9,8.135699,2003,2016/04/29 12:29:01
10.7814916,106.635635,229.0,3.9,8.444532,1998,2016/04/29 12:29:03
10.78144,106.6355733,230.0,3.9,8.9175625,999,2016/04/29 12:29:04
10.7813916,106.6355083,232.0,3.9,8.9149885,1000,2016/04/29 12:29:05
10.7813516,106.6354416,235.0,3.9,8.4249735,1000,2016/04/29 12:29:06
10.7813133,106.6353766,237.0,3.9,8.217541,1002,2016/04/29 12:29:07
10.7812366,106.6352533,239.0,3.9,8.007534,1999,2016/04/29 12:29:09
10.7811666,106.6351266,240.0,3.9,7.9637823,1999,2016/04/29 12:29:11
10.7810983,106.6350033,241.0,3.9,7.9148836,2002,2016/04/29 12:29:13
10.7810283,106.6348633,242.0,3.9,8.5238,1998,2016/04/29 12:29:15
10.7809916,106.6347916,242.0,3.9,8.768807,1001,2016/04/29 12:29:16
10.7809133,106.6346499,241.0,3.9,8.773955,1999,2016/04/29 12:29:18
10.7808766,106.63458,242.0,3.9,8.492402,1002,2016/04/29 12:29:19
10.78081,106.6344466,242.0,3.9,7.7990713,2000,2016/04/29 12:29:21
10.7807616,106.6343316,245.0,3.9,6.5796943,2000,2016/04/29 12:29:23
10.7807283,106.6342349,253.0,3.9,5.293403,1999,2016/04/29 12:29:25
10.7807333,106.6341333,272.0,3.9,5.911585,2000,2016/04/29 12:29:27
10.7807466,106.634075,281.0,3.9,6.7202134,1001,2016/04/29 12:29:28
10.7807699,106.634005,285.0,3.9,7.771276,999,2016/04/29 12:29:29
10.7807933,106.633925,285.0,3.9,8.559831,999,2016/04/29 12:29:30
10.7808166,106.6338399,285.0,3.9,9.155364,1003,2016/04/29 12:29:31
10.78087,106.6336516,286.0,3.9,10.482318,1997,2016/04/29 12:29:33
10.7809033,106.633555,284.0,4.1,11.457202,1000,2016/04/29 12:29:34
10.780935,106.63345,284.0,4.3,11.315654,1001,2016/04/29 12:29:35
10.7809933,106.6332466,283.0,4.7,11.455658,2001,2016/04/29 12:29:37
10.7810416,106.63304,283.0,5.0,11.194694,1999,2016/04/29 12:29:39
10.7810849,106.632835,284.0,5.0,11.387714,1999,2016/04/29 12:29:41
10.7811283,106.6326266,283.0,5.0,11.765006,2002,2016/04/29 12:29:43
10.7811783,106.6324216,282.0,5.3,11.302271,1998,2016/04/29 12:29:45
10.7811933,106.6323149,283.0,5.2,10.772621,1000,2016/04/29 12:29:46
10.7812133,106.6322233,283.0,5.3,10.159073,1000,2016/04/29 12:29:47
10.7812516,106.6320449,283.0,5.3,10.017524,2002,2016/04/29 12:29:49
10.7812916,106.6318599,281.0,5.5,10.557982,1998,2016/04/29 12:29:51
10.7813166,106.6317583,282.0,5.4,10.816888,999,2016/04/29 12:29:52
10.7813366,106.6316616,282.0,5.4,10.958436,1001,2016/04/29 12:29:53
10.7813566,106.6315616,282.0,5.6,11.227121,1000,2016/04/29 12:29:54
10.7813816,106.63146,282.0,5.5,11.236386,1000,2016/04/29 12:29:55
10.7814233,106.6312516,283.0,5.3,11.144766,2000,2016/04/29 12:29:57
10.781475,106.6310516,286.0,5.2,10.785489,2000,2016/04/29 12:29:59
10.7814983,106.6309466,285.0,5.3,10.514746,999,2016/04/29 12:30:00
10.7815283,106.6308483,284.0,5.4,10.48798,1002,2016/04/29 12:30:01
10.78158,106.6306566,284.0,5.3,10.320181,1999,2016/04/29 12:30:03
10.78161,106.6305633,286.0,5.3,10.32224,999,2016/04/29 12:30:04
10.7816466,106.6304633,288.0,5.2,10.539967,1002,2016/04/29 12:30:05
10.7816833,106.6303683,290.0,5.1,10.789092,998,2016/04/29 12:30:06
10.7817216,106.6302733,290.0,5.1,10.826667,1003,2016/04/29 12:30:07
10.7817949,106.6300833,290.0,5.0,10.850345,1998,2016/04/29 12:30:09
10.7818366,106.6299933,290.0,5.0,10.8791685,1000,2016/04/29 12:30:10
10.7818766,106.6299049,290.0,4.9,10.910567,1000,2016/04/29 12:30:11
10.7819133,106.6298149,290.0,4.9,10.77468,999,2016/04/29 12:30:12
10.7819516,106.6297333,291.0,4.8,10.5518055,1002,2016/04/29 12:30:13
10.7820233,106.62957,291.0,4.8,10.013921,2000,2016/04/29 12:30:15
10.7820549,106.6294849,291.0,4.8,9.907373,999,2016/04/29 12:30:16
10.7820883,106.6293983,291.0,4.8,9.749353,1000,2016/04/29 12:30:17
10.7821183,106.6293133,291.0,4.8,9.643321,1001,2016/04/29 12:30:18
10.7821516,106.62923,292.0,4.8,9.508978,1000,2016/04/29 12:30:19
10.7822183,106.6290816,292.0,4.9,9.14404,1999,2016/04/29 12:30:21
10.782255,106.6290133,292.0,4.9,8.877414,999,2016/04/29 12:30:22
10.7822799,106.6289366,291.0,4.9,8.686967,1001,2016/04/29 12:30:23
10.7822916,106.6288633,287.0,4.9,8.28188,1000,2016/04/29 12:30:24
10.7823066,106.6287916,283.0,4.9,8.131581,1001,2016/04/29 12:30:25
10.7823283,106.6286449,284.0,4.9,7.702818,1999,2016/04/29 12:30:27
10.7823433,106.6285616,286.0,4.9,7.895324,1000,2016/04/29 12:30:28
10.7823683,106.6284866,290.0,4.8,8.32872,1001,2016/04/29 12:30:29
10.7823933,106.6284066,290.0,4.7,8.840869,999,2016/04/29 12:30:30
10.7824149,106.6283183,289.0,4.7,9.272206,1002,2016/04/29 12:30:31
10.7824649,106.6281383,290.0,4.6,9.809576,1996,2016/04/29 12:30:33
10.7824949,106.62805,290.0,4.6,9.973772,1000,2016/04/29 12:30:34
10.7825233,106.6279633,291.0,4.6,9.96039,1002,2016/04/29 12:30:35
10.7825533,106.62788,290.0,4.6,9.826047,1000,2016/04/29 12:30:36
10.7825833,106.6277933,290.0,4.6,9.825018,1001,2016/04/29 12:30:37
10.7826449,106.627625,290.0,4.5,9.838915,1999,2016/04/29 12:30:39
10.782675,106.62754,290.0,4.5,9.872887,1000,2016/04/29 12:30:40
10.78271,106.62745,289.0,4.5,10.0643635,1000,2016/04/29 12:30:41
10.7827433,106.6273583,288.0,4.7,10.660412,998,2016/04/29 12:30:42
10.7827749,106.6272616,287.0,4.9,10.639823,1002,2016/04/29 12:30:43
10.7828283,106.6270683,289.0,5.0,10.815858,2000,2016/04/29 12:30:45
10.7828783,106.6268816,289.0,4.9,10.483862,2000,2016/04/29 12:30:47
10.7828933,106.6267766,287.0,4.8,10.482318,999,2016/04/29 12:30:48
10.7829133,106.6266766,288.0,4.7,10.486951,1003,2016/04/29 12:30:49
10.7829616,106.626475,287.0,4.8,10.643941,1998,2016/04/29 12:30:51
10.7830166,106.6262733,286.0,5.0,11.153001,2001,2016/04/29 12:30:53
10.78304,106.6261733,284.0,4.9,11.125721,999,2016/04/29 12:30:54
10.7830633,106.6260716,285.0,4.9,11.102558,1002,2016/04/29 12:30:55
10.78312,106.6258849,286.0,5.0,10.703649,1998,2016/04/29 12:30:57
10.7831783,106.6256933,285.0,4.9,10.075687,2000,2016/04/29 12:30:59
10.783225,106.6255966,287.0,5.0,9.557877,1001,2016/04/29 12:31:00
10.7832483,106.625505,286.0,4.9,9.550156,1001,2016/04/29 12:31:01
10.7832866,106.6253149,285.0,4.7,9.58001,1998,2016/04/29 12:31:03
10.7833066,106.6252366,285.0,4.6,9.421475,1224,2016/04/29 12:31:04
10.7833533,106.6250699,286.0,4.5,9.421475,1775,2016/04/29 12:31:06
10.7833699,106.6249833,286.0,4.5,9.545009,1002,2016/04/29 12:31:07
10.7834149,106.6248266,288.0,4.4,8.872267,2001,2016/04/29 12:31:09
10.7834383,106.6247566,289.0,4.4,8.540271,998,2016/04/29 12:31:10
10.7834583,106.6246866,288.0,4.4,8.148053,1000,2016/04/29 12:31:11
10.7835083,106.624555,288.0,4.3,7.9617233,2002,2016/04/29 12:31:13
10.7835516,106.6244316,287.0,4.2,7.5556073,1999,2016/04/29 12:31:15
10.783575,106.6243733,286.0,4.2,7.1572127,997,2016/04/29 12:31:16
10.7836,106.6243266,292.0,4.1,6.3032885,1000,2016/04/29 12:31:17
10.7836516,106.62425,300.0,4.1,4.5594096,2004,2016/04/29 12:31:19
10.7837083,106.6242383,328.0,3.9,2.6837616,1999,2016/04/29 12:31:21
10.78374,106.6242466,356.0,3.9,2.8386931,999,2016/04/29 12:31:22
10.7837683,106.6242683,13.0,3.9,3.0034041,1000,2016/04/29 12:31:23
10.7838316,106.6242966,22.0,3.9,3.8532104,2004,2016/04/29 12:31:25
10.7839083,106.6243316,24.0,3.9,4.616544,1996,2016/04/29 12:31:27
10.7840049,106.6243666,19.0,4.0,5.7139316,2001,2016/04/29 12:31:29
10.78406,106.624385,20.0,4.1,6.163284,999,2016/04/29 12:31:30
10.7841166,106.6244066,20.0,4.1,6.4957943,1000,2016/04/29 12:31:31
10.7842316,106.6244333,17.0,4.1,6.2842436,2001,2016/04/29 12:31:33
10.7843333,106.6244633,18.0,4.1,5.534808,1999,2016/04/29 12:31:35
10.7844383,106.6244916,19.0,4.1,6.0068083,2002,2016/04/29 12:31:37
10.7845566,106.6245366,21.0,4.1,6.794848,1999,2016/04/29 12:31:39
10.7846133,106.6245616,21.0,4.1,6.5472665,999,2016/04/29 12:31:40
10.784675,106.6245816,22.0,4.2,6.81904,1000,2016/04/29 12:31:41
10.7847966,106.6246233,21.0,4.3,6.801025,2030,2016/04/29 12:31:43
10.784905,106.6246783,26.0,4.4,6.5647674,1970,2016/04/29 12:31:45
10.78502,106.6247166,22.0,4.4,6.211153,2000,2016/04/29 12:31:47
10.7850733,106.6247383,22.0,4.3,6.185417,1001,2016/04/29 12:31:48
10.785125,106.6247583,21.0,4.3,6.099973,1001,2016/04/29 12:31:49
10.785235,106.6247949,20.0,4.3,5.90232,1998,2016/04/29 12:31:51
10.7852966,106.624815,20.0,4.4,5.9213643,1000,2016/04/29 12:31:52
10.7853516,106.624835,20.0,4.4,6.1601954,1000,2016/04/29 12:31:53
10.7854116,106.624855,21.0,4.4,6.4530725,1000,2016/04/29 12:31:54
10.7854733,106.6248833,22.0,4.4,6.869483,1003,2016/04/29 12:31:55
10.7856083,106.6249366,20.0,4.4,7.4336185,1997,2016/04/29 12:31:57
10.7856799,106.6249583,19.0,4.5,7.449575,1002,2016/04/29 12:31:58
10.7857533,106.6250016,19.0,4.4,7.7259808,1027,2016/04/29 12:31:59
10.7858316,106.62503,21.0,4.3,8.129522,971,2016/04/29 12:32:00
10.7859083,106.6250533,19.0,4.3,8.130552,1001,2016/04/29 12:32:01
10.786065,106.6251049,19.0,4.2,7.8536315,1999,2016/04/29 12:32:03
10.7861366,106.6251299,20.0,4.2,7.5617843,1000,2016/04/29 12:32:04
10.7861983,106.6251483,18.0,4.2,7.2385387,1001,2016/04/29 12:32:05
10.7862583,106.6251666,19.0,4.3,6.980663,999,2016/04/29 12:32:06
10.78632,106.6251883,21.0,4.3,6.890072,1001,2016/04/29 12:32:07
10.7864283,106.6252333,22.0,4.5,6.20755,1999,2016/04/29 12:32:09
10.7864783,106.62525,24.0,4.5,5.6542234,1000,2016/04/29 12:32:10
10.78652,106.62527,29.0,4.6,5.1096473,1000,2016/04/29 12:32:11
10.7865533,106.625275,27.0,4.6,4.0683646,1000,2016/04/29 12:32:12
10.7865766,106.6252849,30.0,4.6,3.3745189,1001,2016/04/29 12:32:13
10.78664,106.6252916,25.0,4.5,2.418165,2000,2016/04/29 12:32:15
10.78668,106.625295,14.0,4.5,2.8242807,999,2016/04/29 12:32:16
10.7867133,106.6252716,356.0,4.4,3.311208,1000,2016/04/29 12:32:17
10.7867516,106.6252416,340.0,4.3,3.7585018,1000,2016/04/29 12:32:18
10.7867883,106.6252066,327.0,4.2,4.1985893,1001,2016/04/29 12:32:19
10.7868566,106.6251333,311.0,4.2,5.2321515,1998,2016/04/29 12:32:21
10.7869166,106.6250183,297.0,4.2,6.6569023,2001,2016/04/29 12:32:23
10.7869433,106.6249516,293.0,4.2,7.432074,1000,2016/04/29 12:32:24
10.786965,106.6248849,292.0,4.1,8.439385,1003,2016/04/29 12:32:25
10.7870283,106.6247099,290.0,4.1,9.388019,1997,2016/04/29 12:32:27
10.7870883,106.6245183,288.0,4.1,10.141057,2000,2016/04/29 12:32:29
10.78715,106.6243283,288.0,4.6,10.50754,2002,2016/04/29 12:32:31
10.7872083,106.6241283,287.0,4.8,10.037598,1998,2016/04/29 12:32:33
10.7872299,106.6240333,286.0,4.8,9.621188,1000,2016/04/29 12:32:34
10.7872516,106.6239383,285.0,4.6,9.192424,1000,2016/04/29 12:32:35
10.7872716,106.6238533,284.0,4.5,8.382766,1000,2016/04/29 12:32:36
10.7872916,106.6237866,284.0,4.5,7.3095703,1002,2016/04/29 12:32:37
10.78733,106.623665,285.0,4.4,6.675947,1999,2016/04/29 12:32:39
10.787345,106.6236066,287.0,4.4,6.9075723,999,2016/04/29 12:32:40
10.7873633,106.6235466,287.0,4.4,7.0589004,1000,2016/04/29 12:32:41
10.7873833,106.6234833,289.0,4.4,7.3831754,1000,2016/04/29 12:32:42
10.787405,106.6234166,290.0,4.4,7.7465696,1002,2016/04/29 12:32:43
10.7874583,106.6232666,291.0,4.4,8.742557,1999,2016/04/29 12:32:45
10.7875199,106.6231033,290.0,4.4,8.798661,1999,2016/04/29 12:32:47
10.7875483,106.623025,290.0,4.3,8.518138,1002,2016/04/29 12:32:48
10.7875766,106.6229533,291.0,4.2,7.788262,1000,2016/04/29 12:32:49
10.78762,106.6228316,292.0,4.1,5.7443,1998,2016/04/29 12:32:51
10.7876383,106.6227916,293.0,4.0,4.3885217,1000,2016/04/29 12:32:52
10.7876533,106.6227566,292.0,4.0,3.8048267,1001,2016/04/29 12:32:53
10.7876583,106.6227299,289.0,3.9,2.4747844,999,2016/04/29 12:32:54
10.7876549,106.6227166,289.0,3.9,1.3310716,1003,2016/04/29 12:32:55
10.7876466,106.6227033,289.0,3.9,0.0,1998,2016/04/29 12:32:57
10.787645,106.6226999,289.0,3.9,0.0,1001,2016/04/29 12:32:58
10.787645,106.6226999,289.0,3.9,0.0,999,2016/04/29 12:32:59
10.787645,106.6226999,289.0,3.9,0.0,999,2016/04/29 12:33:00
10.787645,106.6226999,289.0,3.9,0.0,1002,2016/04/29 12:33:01
10.787645,106.6226999,289.0,3.9,0.0,1998,2016/04/29 12:33:03
10.787645,106.6226999,289.0,3.9,0.0,2002,2016/04/29 12:33:05
10.78765,106.6226716,289.0,3.9,0.0,2000,2016/04/29 12:33:07
10.7876616,106.622625,287.0,3.9,2.8561935,1997,2016/04/29 12:33:09
10.78768,106.6225616,287.0,3.9,3.7368834,2001,2016/04/29 12:33:11
10.78769,106.6225233,285.0,3.9,4.174397,1000,2016/04/29 12:33:12
10.7876966,106.6224816,280.0,3.9,4.3998456,1002,2016/04/29 12:33:13
10.78772,106.6223866,286.0,3.9,5.3891416,1999,2016/04/29 12:33:15
10.7877366,106.6223316,289.0,3.9,6.116959,999,2016/04/29 12:33:16
10.787755,106.62227,290.0,3.9,6.7624207,1000,2016/04/29 12:33:17
10.7878033,106.6221316,291.0,3.9,7.962753,2002,2016/04/29 12:33:19
10.78786,106.6219566,291.0,3.9,9.629938,2025,2016/04/29 12:33:21
10.7878949,106.6218733,293.0,3.9,9.910976,973,2016/04/29 12:33:22
10.787935,106.6217949,295.0,3.9,9.889873,1000,2016/04/29 12:33:23
10.7880266,106.62164,300.0,4.0,9.92127,2002,2016/04/29 12:33:25
10.788115,106.6215,301.0,4.1,9.312354,2000,2016/04/29 12:33:27
10.7881583,106.6214283,303.0,4.1,8.881018,1000,2016/04/29 12:33:28
10.7882083,106.62137,306.0,4.1,8.636009,999,2016/04/29 12:33:29
10.788315,106.6212583,310.0,4.1,8.285998,2001,2016/04/29 12:33:31
10.7884016,106.6211299,301.0,4.0,7.9715033,1998,2016/04/29 12:33:33
10.78844,106.6210516,294.0,4.0,7.4943557,1001,2016/04/29 12:33:34
10.7884633,106.6209766,288.0,4.0,7.0414,1000,2016/04/29 12:33:35
10.7884783,106.6209033,283.0,4.0,7.326556,999,2016/04/29 12:33:36
10.7884866,106.6208233,277.0,4.1,7.9467964,1002,2016/04/29 12:33:37
10.7884783,106.6206516,268.0,4.1,8.840869,1998,2016/04/29 12:33:39
10.7884683,106.6205583,266.0,4.1,9.380298,1000,2016/04/29 12:33:40
10.78846,106.620455,265.0,4.1,10.003627,1000,2016/04/29 12:33:41
10.7884483,106.6203549,265.0,4.0,10.325843,1000,2016/04/29 12:33:42
10.7884383,106.6202466,266.0,4.0,10.77468,1003,2016/04/29 12:33:43
10.7884216,106.620035,266.0,3.9,11.250283,1999,2016/04/29 12:33:45
10.7884133,106.6199216,266.0,3.9,11.549852,999,2016/04/29 12:33:46
10.788405,106.6198066,266.0,4.2,11.877215,1000,2016/04/29 12:33:47
10.7883966,106.6196899,266.0,4.5,12.05325,999,2016/04/29 12:33:48
10.7883866,106.61957,266.0,4.7,12.264801,1002,2016/04/29 12:33:49
10.7883633,106.6193366,264.0,4.5,11.565808,1999,2016/04/29 12:33:51
10.7883483,106.6192233,264.0,4.6,10.864242,999,2016/04/29 12:33:52
10.7883333,106.6191166,264.0,4.6,10.655265,1001,2016/04/29 12:33:53
10.788305,106.6189116,265.0,4.3,10.823579,2003,2016/04/29 12:33:55
10.7882916,106.6187133,266.0,4.3,10.804534,1997,2016/04/29 12:33:57
10.7882749,106.6185133,264.0,4.3,10.710855,1999,2016/04/29 12:33:59
10.7882633,106.61832,264.0,4.2,10.438052,2002,2016/04/29 12:34:01
10.7882533,106.6181366,264.0,4.2,10.233707,1998,2016/04/29 12:34:03
10.7882366,106.6179566,264.0,4.3,9.893476,2027,2016/04/29 12:34:05
10.7882316,106.6177883,268.0,4.2,8.464092,1975,2016/04/29 12:34:07
10.7882183,106.61767,269.0,4.2,6.33726,1998,2016/04/29 12:34:09
10.7882183,106.6176116,266.0,4.3,3.8321068,2000,2016/04/29 12:34:11
10.78822,106.6175966,277.0,4.4,1.6960098,2002,2016/04/29 12:34:13
10.7882233,106.6176016,277.0,4.5,0.0,1998,2016/04/29 12:34:15
10.7882299,106.61761,277.0,4.6,0.0,1001,2016/04/29 12:34:16
10.7882383,106.6176199,277.0,4.6,0.0,2000,2016/04/29 12:34:18
10.7882383,106.6176199,277.0,4.6,0.0,1001,2016/04/29 12:34:19
10.7882383,106.6176199,277.0,4.5,0.0,1998,2016/04/29 12:34:21
10.7882383,106.6176199,277.0,4.4,0.0,999,2016/04/29 12:34:22
10.7882383,106.6176199,277.0,4.5,0.0,1001,2016/04/29 12:34:23
10.7882383,106.6176199,277.0,3.9,0.0,999,2016/04/29 12:34:24
10.7882383,106.6176199,277.0,3.9,0.0,1002,2016/04/29 12:34:25
10.7882383,106.6176199,277.0,3.9,0.0,1999,2016/04/29 12:34:27
10.7882383,106.6176199,277.0,3.9,0.0,1003,2016/04/29 12:34:28
10.7882383,106.6176199,277.0,3.9,0.0,997,2016/04/29 12:34:29
10.7882383,106.6176199,277.0,3.9,0.0,1000,2016/04/29 12:34:30
10.7882383,106.6176199,277.0,3.9,0.0,1001,2016/04/29 12:34:31
10.7882383,106.6176199,277.0,3.9,0.0,1999,2016/04/29 12:34:33
10.7882383,106.6176199,277.0,3.9,0.0,999,2016/04/29 12:34:34
10.7882383,106.6176199,277.0,3.9,0.0,1002,2016/04/29 12:34:35
10.7882383,106.6176199,277.0,3.9,0.0,999,2016/04/29 12:34:36
10.7882383,106.6176199,277.0,3.9,0.0,1002,2016/04/29 12:34:37
10.7882383,106.6176199,277.0,3.9,0.0,1998,2016/04/29 12:34:39
10.7882449,106.6176016,277.0,3.9,0.0,999,2016/04/29 12:34:40
10.788235,106.617575,277.0,3.9,0.0,1001,2016/04/29 12:34:41
10.7882283,106.6175416,277.0,3.9,0.0,999,2016/04/29 12:34:42
10.7882216,106.6174983,261.0,3.9,4.2948422,1026,2016/04/29 12:34:43
10.7882266,106.6174083,282.0,3.9,5.3984065,1974,2016/04/29 12:34:45
10.7882466,106.6173149,289.0,3.9,6.1190176,2001,2016/04/29 12:34:47
10.7882616,106.6172666,287.0,3.9,5.8920255,1001,2016/04/29 12:34:48
10.78828,106.6172266,288.0,3.9,5.7489324,1001,2016/04/29 12:34:49
10.78833,106.6171366,299.0,3.9,6.142695,1999,2016/04/29 12:34:51
10.7883583,106.617035,280.0,3.9,5.620252,2000,2016/04/29 12:34:53
10.7883533,106.6169166,264.0,3.9,6.400056,2001,2016/04/29 12:34:55
10.7883266,106.6167816,257.0,3.9,7.6317863,1998,2016/04/29 12:34:57
10.7883,106.61671,252.0,3.9,8.359089,1000,2016/04/29 12:34:58
10.7882716,106.6166299,251.0,3.9,8.978814,1000,2016/04/29 12:34:59
10.78821,106.6164566,251.0,3.9,10.107085,2002,2016/04/29 12:35:01
10.7881416,106.616275,249.0,3.9,10.417463,1998,2016/04/29 12:35:03
10.7880799,106.6160899,251.0,3.9,10.554379,2000,2016/04/29 12:35:05
10.788025,106.6159049,252.0,3.9,10.254811,2001,2016/04/29 12:35:07
10.7879866,106.6157283,259.0,3.9,9.743177,2002,2016/04/29 12:35:09
10.78797,106.6155583,269.0,3.9,9.621188,1997,2016/04/29 12:35:11
10.7879666,106.615475,271.0,3.9,9.586186,1000,2016/04/29 12:35:12
10.7879633,106.6153933,270.0,3.9,9.090509,1002,2016/04/29 12:35:13
10.7879733,106.6152233,276.0,3.9,9.888329,1999,2016/04/29 12:35:15
10.7880033,106.61504,279.0,3.9,10.555923,1999,2016/04/29 12:35:17
10.7880283,106.6148466,276.0,3.9,10.725781,2002,2016/04/29 12:35:19
10.7880483,106.61466,275.0,3.9,10.392756,1998,2016/04/29 12:35:21
10.7880516,106.6144783,273.0,3.9,10.001568,2000,2016/04/29 12:35:23
10.7880583,106.6143833,274.0,3.9,10.266649,1000,2016/04/29 12:35:24
10.7880666,106.614295,276.0,3.9,10.266649,1002,2016/04/29 12:35:25
10.7880799,106.6141183,274.0,3.9,9.780237,1999,2016/04/29 12:35:27
10.7880833,106.6140283,272.0,3.9,9.670601,1001,2016/04/29 12:35:28
10.7880816,106.6139333,270.0,3.9,9.785899,1000,2016/04/29 12:35:29
10.7880816,106.6138383,271.0,3.9,10.042231,998,2016/04/29 12:35:30
10.7880799,106.6137433,270.0,3.9,10.23731,1000,2016/04/29 12:35:31
10.7880766,106.6135549,270.0,3.9,10.0623045,2001,2016/04/29 12:35:33
10.7880799,106.6133616,274.0,3.9,10.619234,2000,2016/04/29 12:35:35
10.7880916,106.6132649,276.0,3.9,10.834388,999,2016/04/29 12:35:36
10.788105,106.6131616,279.0,3.9,11.352199,1002,2016/04/29 12:35:37
10.78815,106.6129666,284.0,3.9,11.114912,1998,2016/04/29 12:35:39
10.7881783,106.6128733,287.0,3.9,10.994982,1001,2016/04/29 12:35:40
10.7882133,106.6127866,291.0,3.9,10.866301,1000,2016/04/29 12:35:41
10.7882583,106.6127016,296.0,3.9,10.900787,999,2016/04/29 12:35:42
10.7883083,106.6126133,299.0,3.9,11.176679,1003,2016/04/29 12:35:43
10.7884166,106.6124433,302.0,3.9,11.071675,1999,2016/04/29 12:35:45
10.78848,106.6123666,307.0,4.0,10.980055,1020,2016/04/29 12:35:46
10.7885516,106.6122883,308.0,4.2,10.830785,979,2016/04/29 12:35:47
10.7886183,106.6122166,308.0,4.4,10.536364,1001,2016/04/29 12:35:48
10.7886766,106.61214,305.0,4.3,10.139513,1023,2016/04/29 12:35:49
10.7887749,106.6119916,295.0,4.1,9.657218,1976,2016/04/29 12:35:51
10.78881,106.61191,291.0,4.0,9.63457,1000,2016/04/29 12:35:52
10.7888383,106.61183,287.0,4.0,9.249558,1000,2016/04/29 12:35:53
10.78886,106.6117433,283.0,4.0,8.815133,999,2016/04/29 12:35:54
10.7888716,106.61166,278.0,3.9,8.18048,1002,2016/04/29 12:35:55
10.7888649,106.6115066,266.0,3.9,8.077536,2000,2016/04/29 12:35:57
10.788845,106.6114316,259.0,3.9,8.287027,1000,2016/04/29 12:35:58
10.7888166,106.611355,253.0,3.9,8.5912285,999,2016/04/29 12:35:59
10.7887883,106.61127,254.0,3.9,9.250587,1000,2016/04/29 12:36:00
10.7887633,106.6111833,255.0,3.9,9.4116955,1002,2016/04/29 12:36:01
10.7887216,106.6110033,262.0,3.9,9.818841,1998,2016/04/29 12:36:03
10.78871,106.6109116,267.0,3.9,10.146719,1020,2016/04/29 12:36:04
10.7887066,106.6108166,270.0,3.9,10.455038,979,2016/04/29 12:36:05
10.7887066,106.6107183,274.0,3.9,10.662986,1001,2016/04/29 12:36:06
10.7887116,106.6106166,275.0,3.9,10.85086,1001,2016/04/29 12:36:07
10.7887283,106.6104099,277.0,3.9,11.324404,1999,2016/04/29 12:36:09
10.7887583,106.6101966,283.0,4.0,11.879274,2000,2016/04/29 12:36:11
10.7887833,106.6100866,288.0,4.2,11.688827,999,2016/04/29 12:36:12
10.7888166,106.6099783,289.0,4.4,11.4711,1003,2016/04/29 12:36:13
10.7888833,106.6097716,287.0,4.6,11.343963,1999,2016/04/29 12:36:15
10.7889099,106.60967,288.0,4.7,10.808652,998,2016/04/29 12:36:16
10.788935,106.60958,290.0,4.7,10.199221,1001,2016/04/29 12:36:17
10.7889649,106.6094933,288.0,4.8,10.393271,1001,2016/04/29 12:36:18
10.7889933,106.6094066,289.0,4.9,10.179662,1000,2016/04/29 12:36:19
10.7890416,106.6092383,286.0,4.6,9.8909025,1999,2016/04/29 12:36:21
10.7890583,106.6091416,282.0,4.5,10.09782,999,2016/04/29 12:36:22
10.7890749,106.6090466,279.0,4.7,10.269738,1029,2016/04/29 12:36:23
10.7891,106.6088416,276.0,4.8,10.751003,1974,2016/04/29 12:36:25
10.7891116,106.60864,274.0,4.8,10.772107,1998,2016/04/29 12:36:27
10.7891133,106.608535,274.0,4.8,10.8791685,1001,2016/04/29 12:36:28
10.7891116,106.6084333,272.0,4.8,10.906964,999,2016/04/29 12:36:29
10.789115,106.6083316,272.0,4.7,10.999099,1001,2016/04/29 12:36:30
10.7891116,106.6082266,272.0,4.7,11.163811,1001,2016/04/29 12:36:31
10.7891166,106.608015,271.0,4.6,11.13653,1998,2016/04/29 12:36:33
10.7891233,106.6078066,271.0,4.4,11.418083,2000,2016/04/29 12:36:35
10.7891266,106.6075916,272.0,4.4,11.00682,2001,2016/04/29 12:36:37
10.7891316,106.6073933,273.0,4.4,11.188517,1999,2016/04/29 12:36:39
10.7891349,106.6072933,275.0,4.4,11.495806,999,2016/04/29 12:36:40
10.78915,106.6071816,277.0,4.4,11.477276,1001,2016/04/29 12:36:41
10.7891633,106.6070783,282.0,4.4,11.064469,999,2016/04/29 12:36:42
10.789185,106.6069816,284.0,4.5,10.384521,1003,2016/04/29 12:36:43
10.789245,106.60681,293.0,4.4,9.697882,1997,2016/04/29 12:36:45
10.7893433,106.6066783,306.0,4.1,9.537803,2001,2016/04/29 12:36:47
10.7894033,106.6066199,312.0,4.1,9.744721,1000,2016/04/29 12:36:48
10.78948,106.6065616,317.0,3.9,10.010318,1002,2016/04/29 12:36:49
10.7896499,106.606485,338.0,4.0,10.055099,2026,2016/04/29 12:36:51
10.7897466,106.6064633,344.0,4.2,10.0587015,972,2016/04/29 12:36:52
10.7898383,106.6064483,345.0,4.2,10.245545,1000,2016/04/29 12:36:53
10.79003,106.60642,349.0,4.1,10.596586,2001,2016/04/29 12:36:55
10.7902233,106.6063983,350.0,4.3,10.411801,1998,2016/04/29 12:36:57
10.7904133,106.6063833,349.0,4.6,10.130763,2001,2016/04/29 12:36:59
10.7905066,106.606395,348.0,4.6,9.507434,999,2016/04/29 12:37:00
10.7905883,106.6063983,350.0,4.4,9.345297,1001,2016/04/29 12:37:01
10.7907466,106.6063983,350.0,4.2,8.602552,1999,2016/04/29 12:37:03
10.7908916,106.6063883,350.0,4.1,7.7326717,2000,2016/04/29 12:37:05
10.7909566,106.606375,346.0,4.1,6.9590445,998,2016/04/29 12:37:06
10.791015,106.6063633,342.0,4.0,5.9604836,1002,2016/04/29 12:37:07
10.7911033,106.6063316,336.0,3.9,4.6386766,2002,2016/04/29 12:37:09
10.7911433,106.6063166,334.0,3.9,4.8167706,998,2016/04/29 12:37:10
10.791185,106.6062966,333.0,3.9,5.3819356,1000,2016/04/29 12:37:11
10.7912366,106.6062733,331.0,3.9,6.142695,1000,2016/04/29 12:37:12
10.7912866,106.606245,327.0,3.9,6.6790357,1001,2016/04/29 12:37:13
10.7913916,106.6061483,317.0,3.9,7.7650995,2000,2016/04/29 12:37:15
10.79144,106.6060866,312.0,3.9,8.048712,998,2016/04/29 12:37:16
10.7914866,106.606015,305.0,3.9,8.39512,1001,2016/04/29 12:37:17
10.7915283,106.6059383,303.0,3.9,8.7574835,1002,2016/04/29 12:37:18
10.79157,106.6058583,301.0,3.9,8.9134445,1001,2016/04/29 12:37:19
10.7916483,106.6057,300.0,3.9,8.326661,1998,2016/04/29 12:37:21
10.7916833,106.6056433,301.0,3.9,7.3090553,999,2016/04/29 12:37:22
10.791715,106.6055983,307.0,3.9,5.9084964,1000,2016/04/29 12:37:23
10.7917816,106.6055366,321.0,3.9,4.6592655,2002,2016/04/29 12:37:25
10.7918283,106.6054966,324.0,3.9,2.7918534,1999,2016/04/29 12:37:27
10.7918383,106.605485,320.0,3.9,1.6378461,999,2016/04/29 12:37:28
10.7918383,106.6054816,320.0,3.9,0.0,1000,2016/04/29 12:37:29
10.7918366,106.605485,320.0,3.9,0.0,1000,2016/04/29 12:37:30
10.7918349,106.6054816,320.0,3.9,0.0,1005,2016/04/29 12:37:31
10.7918349,106.6054816,320.0,3.9,0.0,1996,2016/04/29 12:37:33
10.7918349,106.6054816,320.0,3.9,0.0,999,2016/04/29 12:37:34
10.7918349,106.6054816,320.0,3.9,0.0,1000,2016/04/29 12:37:35
10.7918349,106.6054816,320.0,3.9,0.0,1000,2016/04/29 12:37:36
10.7918349,106.6054816,320.0,3.9,0.0,1003,2016/04/29 12:37:37
10.7918349,106.6054816,320.0,3.9,0.0,1998,2016/04/29 12:37:39
10.7918349,106.6054816,320.0,3.9,0.0,999,2016/04/29 12:37:40
10.7918349,106.6054816,320.0,3.9,0.0,1001,2016/04/29 12:37:41
10.7918349,106.6054816,320.0,3.9,0.0,999,2016/04/29 12:37:42
10.7918349,106.6054816,320.0,3.9,0.0,1003,2016/04/29 12:37:43
10.7918766,106.605475,355.0,3.9,1.8792509,1998,2016/04/29 12:37:45
10.7918999,106.6054666,349.0,3.9,3.1516442,1000,2016/04/29 12:37:46
10.7919383,106.6054516,341.0,3.9,4.5439677,1000,2016/04/29 12:37:47
10.7919899,106.6054283,337.0,3.9,5.8750396,1001,2016/04/29 12:37:48
10.7920483,106.6053966,335.0,3.9,7.007428,1001,2016/04/29 12:37:49
10.79218,106.6053183,330.0,3.9,8.354456,1996,2016/04/29 12:37:51
10.7922483,106.6052733,327.0,3.9,8.445047,1002,2016/04/29 12:37:52
10.792315,106.6052183,323.0,3.9,8.816677,1000,2016/04/29 12:37:53
10.79238,106.6051616,321.0,3.9,8.800206,1000,2016/04/29 12:37:54
10.7924433,106.6051033,319.0,3.9,8.799176,1002,2016/04/29 12:37:55
10.7925566,106.6049766,311.0,3.9,8.0981245,1997,2016/04/29 12:37:57
10.7926366,106.6048416,297.0,3.9,7.3147173,2002,2016/04/29 12:37:59
10.7926616,106.6047733,291.0,3.9,6.8108044,998,2016/04/29 12:38:00
10.7926766,106.60471,283.0,3.9,6.4144683,1003,2016/04/29 12:38:01
10.7926833,106.6045866,273.0,3.9,6.5030007,1998,2016/04/29 12:38:03
10.7926533,106.6044483,262.0,3.9,7.3363357,1999,2016/04/29 12:38:05
10.7926166,106.6043,262.0,3.9,7.7439957,2002,2016/04/29 12:38:07
10.792585,106.6041516,261.0,3.9,7.896868,1999,2016/04/29 12:38:09
10.79256,106.6040083,261.0,3.9,7.452663,1999,2016/04/29 12:38:11
10.7925383,106.6038916,260.0,3.9,5.9198203,2002,2016/04/29 12:38:13
10.7925133,106.603785,260.0,3.9,5.712387,2014,2016/04/29 12:38:15
10.7924833,106.6036683,263.0,3.9,6.0865903,1984,2016/04/29 12:38:17
10.79246,106.6035383,261.0,3.9,6.819555,2002,2016/04/29 12:38:19
10.7924266,106.6033916,260.0,3.9,7.803189,1998,2016/04/29 12:38:21
10.7924116,106.6033199,261.0,3.9,7.80113,1000,2016/04/29 12:38:22
10.7923966,106.603235,259.0,3.9,8.065698,1000,2016/04/29 12:38:23
10.7923816,106.6031616,258.0,3.9,7.9576054,1029,2016/04/29 12:38:24
10.7923649,106.6030883,258.0,3.9,7.8675294,973,2016/04/29 12:38:25
10.792335,106.6029416,260.0,3.9,6.6028566,1999,2016/04/29 12:38:27
10.79233,106.6028316,279.0,3.9,5.20693,1999,2016/04/29 12:38:29
10.792345,106.6027883,292.0,3.9,4.730812,1001,2016/04/29 12:38:30
10.7923716,106.6027533,304.0,3.9,4.7148557,1001,2016/04/29 12:38:31
10.79247,106.6027166,337.0,3.9,5.5564265,1999,2016/04/29 12:38:33
10.792535,106.6027116,347.0,3.9,6.1993146,999,2016/04/29 12:38:34
10.7926066,106.602705,350.0,3.9,7.151551,1001,2016/04/29 12:38:35
10.7927483,106.6026833,350.0,3.9,7.209714,2001,2016/04/29 12:38:37
10.7928799,106.6026766,349.0,3.9,6.5699143,1999,2016/04/29 12:38:39
10.7929366,106.602675,350.0,3.9,6.047986,1000,2016/04/29 12:38:40
10.7929883,106.6026783,353.0,3.9,5.475615,1000,2016/04/29 12:38:41
10.7930333,106.6026883,1.0,3.9,4.8075056,999,2016/04/29 12:38:42
10.7930616,106.6027066,13.0,3.9,3.8851233,1002,2016/04/29 12:38:43
10.793115,106.602755,40.0,4.0,3.4820957,1998,2016/04/29 12:38:45
10.7931266,106.6027833,54.0,4.0,3.0651708,1000,2016/04/29 12:38:46
10.7931333,106.6028049,53.0,4.1,2.583391,1000,2016/04/29 12:38:47
10.793155,106.6028516,47.0,4.0,1.0335622,2002,2016/04/29 12:38:49
10.7931499,106.6028666,47.0,4.0,0.0,1998,2016/04/29 12:38:51
10.7931466,106.6028716,47.0,4.0,0.0,1001,2016/04/29 12:38:52
10.7931466,106.6028716,47.0,4.0,0.0,1000,2016/04/29 12:38:53
10.7931466,106.6028716,47.0,4.0,0.0,999,2016/04/29 12:38:54
10.7931466,106.6028716,47.0,4.1,0.0,1003,2016/04/29 12:38:55
10.7931466,106.6028716,47.0,4.1,0.0,1998,2016/04/29 12:38:57
10.7931466,106.6028716,47.0,4.1,0.0,1999,2016/04/29 12:38:59
10.7931466,106.6028716,47.0,4.2,0.0,2002,2016/04/29 12:39:01
10.7931466,106.6028716,47.0,4.2,0.0,1999,2016/04/29 12:39:03
10.7931466,106.6028716,47.0,4.2,0.0,2000,2016/04/29 12:39:05
10.7931466,106.6028716,47.0,4.2,0.0,2001,2016/04/29 12:39:07
10.7931466,106.6028716,47.0,4.2,0.0,1999,2016/04/29 12:39:09
10.7931466,106.6028716,47.0,4.2,0.0,1999,2016/04/29 12:39:11
10.7931466,106.6028716,47.0,4.3,0.0,1000,2016/04/29 12:39:12
10.7931466,106.6028716,47.0,4.4,0.0,1003,2016/04/29 12:39:13
10.7931466,106.6028716,47.0,4.7,0.0,1997,2016/04/29 12:39:15
10.7931466,106.6028716,47.0,4.8,0.0,2000,2016/04/29 12:39:17
10.7931466,106.6028716,47.0,4.9,0.0,1002,2016/04/29 12:39:18
10.7931466,106.6028716,47.0,5.0,0.0,1000,2016/04/29 12:39:19
10.7931466,106.6028716,47.0,5.2,0.0,1998,2016/04/29 12:39:21
10.7931466,106.6028716,47.0,5.3,0.0,999,2016/04/29 12:39:22
10.7931466,106.6028716,47.0,5.4,0.0,999,2016/04/29 12:39:23
10.7931466,106.6028716,47.0,5.5,0.0,1000,2016/04/29 12:39:24
10.7931466,106.6028716,47.0,5.7,0.0,1004,2016/04/29 12:39:25
10.7930933,106.6029533,47.0,5.9,0.0,1998,2016/04/29 12:39:27
10.7930983,106.6029516,47.0,5.9,0.0,1001,2016/04/29 12:39:28
10.7930983,106.6029516,47.0,6.0,0.0,999,2016/04/29 12:39:29
10.7931,106.6029499,47.0,6.0,0.0,999,2016/04/29 12:39:30
10.7931,106.6029499,47.0,6.1,0.0,1002,2016/04/29 12:39:31
10.7931,106.6029499,47.0,6.2,0.0,2000,2016/04/29 12:39:33
10.7931,106.6029499,47.0,6.2,0.0,999,2016/04/29 12:39:34
10.7931,106.6029499,47.0,6.1,0.0,1001,2016/04/29 12:39:35
10.7931,106.6029499,47.0,6.1,0.0,999,2016/04/29 12:39:36
10.7931,106.6029499,47.0,6.1,0.0,1001,2016/04/29 12:39:37
10.7931,106.6029499,47.0,6.0,0.0,1999,2016/04/29 12:39:39
10.7931,106.6029499,47.0,5.9,0.0,1000,2016/04/29 12:39:40
10.7931,106.6029499,47.0,5.8,0.0,1000,2016/04/29 12:39:41
10.7930783,106.60285,47.0,5.7,0.0,1000,2016/04/29 12:39:42
10.7930599,106.60285,47.0,5.5,0.0,1002,2016/04/29 12:39:43
10.7930433,106.6028433,47.0,5.4,0.0,1998,2016/04/29 12:39:45
10.7930433,106.6028433,47.0,5.3,0.0,1000,2016/04/29 12:39:46
10.7930433,106.6028433,47.0,5.2,0.0,1000,2016/04/29 12:39:47
10.7930433,106.6028433,47.0,5.2,0.0,1000,2016/04/29 12:39:48
10.7930433,106.6028433,47.0,5.2,0.0,1002,2016/04/29 12:39:49
10.7930433,106.6028433,47.0,5.2,0.0,1004,2016/04/29 12:39:50
10.7930433,106.6028433,47.0,5.1,0.0,998,2016/04/29 12:39:51
10.7930433,106.6028433,47.0,5.0,0.0,1989,2016/04/29 12:39:53
10.7930433,106.6028433,47.0,3.9,0.0,2167,2016/04/29 12:39:55
10.7930366,106.6028783,47.0,3.9,0.0,1833,2016/04/29 12:39:57